Redshift   r_mag   g-r_col   g-r_slope   z_mag     r-z_col   r-z_slope
0.100000 16.878000 0.945000 -0.025000 -10.000000 -10.000000 -10.000000
0.110000 17.084000 0.967000 -0.026000 -10.000000 -10.000000 -10.000000
0.120000 17.273000 0.991000 -0.026000 -10.000000 -10.000000 -10.000000
0.130000 17.446000 1.012000 -0.026000 -10.000000 -10.000000 -10.000000
0.140000 17.604000 1.039000 -0.027000 -10.000000 -10.000000 -10.000000
0.150000 17.749000 1.071000 -0.028000 -10.000000 -10.000000 -10.000000
0.160000 17.886000 1.102000 -0.029000 -10.000000 -10.000000 -10.000000
0.170000 18.014000 1.132000 -0.030000 -10.000000 -10.000000 -10.000000
0.180000 18.137000 1.162000 -0.030000 -10.000000 -10.000000 -10.000000
0.190000 18.252000 1.195000 -0.031000 -10.000000 -10.000000 -10.000000
0.200000 18.361000 1.229000 -0.032000 -10.000000 -10.000000 -10.000000
0.210000 18.464000 1.262000 -0.033000 -10.000000 -10.000000 -10.000000
0.220000 18.562000 1.300000 -0.035000 -10.000000 -10.000000 -10.000000
0.230000 18.657000 1.334000 -0.036000 -10.000000 -10.000000 -10.000000
0.240000 18.747000 1.365000 -0.037000 -10.000000 -10.000000 -10.000000
0.250000 18.835000 1.393000 -0.038000 -10.000000 -10.000000 -10.000000
0.260000 18.919000 1.424000 -0.039000 -10.000000 -10.000000 -10.000000
0.270000 18.999000 1.450000 -0.039000 -10.000000 -10.000000 -10.000000
0.280000 19.078000 1.466000 -0.039000 -10.000000 -10.000000 -10.000000
0.290000 19.153000 1.489000 -0.040000 -10.000000 -10.000000 -10.000000
0.300000 19.228000 1.513000 -0.040000 -10.000000 -10.000000 -10.000000
0.310000 19.300000 1.538000 -0.040000 -10.000000 -10.000000 -10.000000
0.320000 19.373000 1.563000 -0.041000 -10.000000 -10.000000 -10.000000
0.330000 19.442000 1.592000 -0.041000 -10.000000 -10.000000 -10.000000
0.340000 19.510000 1.621000 -0.042000 -10.000000 -10.000000 -10.000000
0.350000 19.576000 1.651000 -0.042000 18.790000 0.848000 -0.013000
0.360000 19.639000 1.683000 -0.042000 18.844000 0.857000 -0.013000
0.370000 19.698000 1.719000 -0.043000 18.895000 0.865000 -0.013000
0.380000 19.755000 1.739000 -0.043000 18.944000 0.873000 -0.013000
0.390000 19.809000 1.747000 -0.042000 18.989000 0.882000 -0.013000
0.400000 19.864000 1.754000 -0.041000 19.031000 0.895000 -0.014000
0.410000 19.918000 1.765000 -0.041000 19.071000 0.908000 -0.014000
0.420000 19.972000 1.772000 -0.039000 19.112000 0.922000 -0.014000
0.430000 20.030000 1.769000 -0.038000 19.152000 0.939000 -0.014000
0.440000 20.089000 1.768000 -0.036000 19.192000 0.958000 -0.015000
0.450000 20.148000 1.774000 -0.035000 19.232000 0.978000 -0.015000
0.460000 20.205000 1.777000 -0.034000 19.267000 1.000000 -0.016000
0.470000 20.261000 1.774000 -0.033000 19.302000 1.022000 -0.017000
0.480000 20.317000 1.777000 -0.032000 19.336000 1.045000 -0.017000
0.490000 20.375000 1.780000 -0.032000 19.369000 1.071000 -0.018000
0.500000 20.430000 1.785000 -0.031000 19.402000 1.094000 -0.019000
0.510000 20.485000 1.785000 -0.031000 19.434000 1.118000 -0.019000
0.520000 20.541000 1.785000 -0.030000 19.465000 1.143000 -0.020000
0.530000 20.595000 1.777000 -0.029000 19.496000 1.167000 -0.020000
0.540000 20.647000 1.774000 -0.028000 19.527000 1.188000 -0.020000
0.550000 20.701000 1.779000 -0.028000 19.557000 1.212000 -0.021000
0.560000 20.755000 1.783000 -0.028000 19.588000 1.236000 -0.021000
0.570000 20.808000 1.790000 -0.028000 19.617000 1.261000 -0.022000
0.580000 20.862000 1.791000 -0.028000 19.644000 1.289000 -0.023000
0.590000 20.917000 1.787000 -0.027000 19.670000 1.318000 -0.024000
0.600000 20.968000 1.785000 -0.027000 19.697000 1.344000 -0.024000
0.610000 21.019000 1.781000 -0.027000 19.723000 1.369000 -0.025000
0.620000 21.069000 1.777000 -0.026000 19.751000 1.391000 -0.025000
0.630000 21.116000 1.773000 -0.026000 19.779000 1.411000 -0.025000
0.640000 21.163000 1.779000 -0.027000 19.808000 1.428000 -0.026000
0.650000 21.210000 1.791000 -0.027000 19.838000 1.445000 -0.026000
0.660000 21.255000 1.808000 -0.028000 19.866000 1.462000 -0.026000
0.670000 21.295000 1.832000 -0.030000 19.892000 1.476000 -0.026000
0.680000 21.339000 1.854000 -0.032000 19.917000 1.494000 -0.026000
0.690000 21.385000 1.869000 -0.034000 19.941000 1.515000 -0.026000
0.700000 -10.000000 -10.000000 -10.000000 19.965000 1.535000 -0.026000
0.710000 -10.000000 -10.000000 -10.000000 19.988000 1.555000 -0.026000
0.720000 -10.000000 -10.000000 -10.000000 20.011000 1.575000 -0.026000
0.730000 -10.000000 -10.000000 -10.000000 20.033000 1.594000 -0.026000
0.740000 -10.000000 -10.000000 -10.000000 20.056000 1.615000 -0.026000
0.750000 -10.000000 -10.000000 -10.000000 20.078000 1.636000 -0.026000
0.760000 -10.000000 -10.000000 -10.000000 20.099000 1.664000 -0.026000
0.770000 -10.000000 -10.000000 -10.000000 20.117000 1.692000 -0.026000
0.780000 -10.000000 -10.000000 -10.000000 20.135000 1.722000 -0.026000
0.790000 -10.000000 -10.000000 -10.000000 20.153000 1.751000 -0.026000
0.800000 -10.000000 -10.000000 -10.000000 20.169000 1.771000 -0.026000
0.810000 -10.000000 -10.000000 -10.000000 20.186000 1.781000 -0.026000
0.820000 -10.000000 -10.000000 -10.000000 20.203000 1.787000 -0.025000
0.830000 -10.000000 -10.000000 -10.000000 20.221000 1.795000 -0.024000
0.840000 -10.000000 -10.000000 -10.000000 20.237000 1.805000 -0.024000
0.850000 -10.000000 -10.000000 -10.000000 20.252000 1.817000 -0.023000
0.860000 -10.000000 -10.000000 -10.000000 20.269000 1.827000 -0.022000
0.870000 -10.000000 -10.000000 -10.000000 20.287000 1.831000 -0.022000
0.880000 -10.000000 -10.000000 -10.000000 20.303000 1.840000 -0.021000
0.890000 -10.000000 -10.000000 -10.000000 20.319000 1.851000 -0.020000
0.900000 -10.000000 -10.000000 -10.000000 20.334000 1.865000 -0.020000
0.910000 -10.000000 -10.000000 -10.000000 20.350000 1.874000 -0.020000
0.920000 -10.000000 -10.000000 -10.000000 20.364000 1.881000 -0.019000
0.930000 -10.000000 -10.000000 -10.000000 20.378000 1.891000 -0.019000
0.940000 -10.000000 -10.000000 -10.000000 20.394000 1.904000 -0.019000
0.950000 -10.000000 -10.000000 -10.000000 20.410000 1.915000 -0.019000
0.960000 -10.000000 -10.000000 -10.000000 20.428000 1.927000 -0.019000
0.970000 -10.000000 -10.000000 -10.000000 20.448000 1.936000 -0.019000
0.980000 -10.000000 -10.000000 -10.000000 20.468000 1.940000 -0.019000
0.990000 -10.000000 -10.000000 -10.000000 20.486000 1.943000 -0.019000
1.000000 -10.000000 -10.000000 -10.000000 20.503000 1.946000 -0.019000
1.010000 -10.000000 -10.000000 -10.000000 20.522000 1.951000 -0.019000
1.020000 -10.000000 -10.000000 -10.000000 20.540000 1.962000 -0.019000
1.030000 -10.000000 -10.000000 -10.000000 20.559000 1.977000 -0.019000
1.040000 -10.000000 -10.000000 -10.000000 20.576000 1.994000 -0.019000
1.050000 -10.000000 -10.000000 -10.000000 20.592000 2.006000 -0.019000
1.060000 -10.000000 -10.000000 -10.000000 20.608000 2.017000 -0.019000
1.070000 -10.000000 -10.000000 -10.000000 20.625000 2.028000 -0.019000
1.080000 -10.000000 -10.000000 -10.000000 20.643000 2.036000 -0.019000
1.090000 -10.000000 -10.000000 -10.000000 20.661000 2.051000 -0.019000
1.100000 -10.000000 -10.000000 -10.000000 20.677000 2.053000 -0.019000
1.110000 -10.000000 -10.000000 -10.000000 20.694000 2.054000 -0.019000
1.120000 -10.000000 -10.000000 -10.000000 20.709000 2.058000 -0.019000
1.130000 -10.000000 -10.000000 -10.000000 20.726000 2.062000 -0.019000
1.140000 -10.000000 -10.000000 -10.000000 20.750000 2.063000 -0.019000
1.150000 -10.000000 -10.000000 -10.000000 20.773000 2.062000 -0.019000
1.160000 -10.000000 -10.000000 -10.000000 20.799000 2.067000 -0.019000
1.170000 -10.000000 -10.000000 -10.000000 20.821000 2.081000 -0.019000
1.180000 -10.000000 -10.000000 -10.000000 20.845000 2.091000 -0.020000
1.190000 -10.000000 -10.000000 -10.000000 20.869000 2.099000 -0.021000
1.200000 -10.000000 -10.000000 -10.000000 20.892000 2.109000 -0.021000
1.210000 -10.000000 -10.000000 -10.000000 20.917000 2.121000 -0.022000
1.220000 -10.000000 -10.000000 -10.000000 20.945000 2.109000 -0.022000
1.230000 -10.000000 -10.000000 -10.000000 20.972000 2.112000 -0.022000
1.240000 -10.000000 -10.000000 -10.000000 20.995000 2.122000 -0.023000
1.250000 -10.000000 -10.000000 -10.000000 21.020000 2.122000 -0.023000
1.260000 -10.000000 -10.000000 -10.000000 21.042000 2.130000 -0.024000
1.270000 -10.000000 -10.000000 -10.000000 21.066000 2.143000 -0.025000
1.280000 -10.000000 -10.000000 -10.000000 21.089000 2.144000 -0.025000
1.290000 -10.000000 -10.000000 -10.000000 21.113000 2.153000 -0.026000
1.300000 -10.000000 -10.000000 -10.000000 21.133000 2.171000 -0.028000
1.310000 -10.000000 -10.000000 -10.000000 21.154000 2.173000 -0.029000
1.320000 -10.000000 -10.000000 -10.000000 21.174000 2.187000 -0.030000
1.330000 -10.000000 -10.000000 -10.000000 21.194000 2.210000 -0.032000
1.340000 -10.000000 -10.000000 -10.000000 21.213000 2.213000 -0.033000
1.350000 -10.000000 -10.000000 -10.000000 21.232000 2.233000 -0.035000
1.360000 -10.000000 -10.000000 -10.000000 21.252000 2.253000 -0.037000
1.370000 -10.000000 -10.000000 -10.000000 21.275000 2.265000 -0.039000
1.380000 -10.000000 -10.000000 -10.000000 21.297000 2.277000 -0.040000
1.390000 -10.000000 -10.000000 -10.000000 21.322000 2.291000 -0.042000
1.400000 -10.000000 -10.000000 -10.000000 21.338000 2.312000 -0.044000
1.410000 -10.000000 -10.000000 -10.000000 21.364000 2.317000 -0.046000
1.420000 -10.000000 -10.000000 -10.000000 21.387000 2.326000 -0.048000
1.430000 -10.000000 -10.000000 -10.000000 21.406000 2.346000 -0.050000
1.440000 -10.000000 -10.000000 -10.000000 21.427000 2.364000 -0.052000
1.450000 -10.000000 -10.000000 -10.000000 21.453000 2.371000 -0.054000
1.460000 -10.000000 -10.000000 -10.000000 21.477000 2.379000 -0.056000
1.470000 -10.000000 -10.000000 -10.000000 21.501000 2.394000 -0.059000
1.480000 -10.000000 -10.000000 -10.000000 21.529000 2.402000 -0.061000
1.490000 -10.000000 -10.000000 -10.000000 21.552000 2.406000 -0.063000
